scenario_id,admitted,rejected,net_pnl_cents,ending_equity_cents,max_open,mean_net_cents_per_contract,note,test_id,population_id,run_id,reported_figure,monte_carlo_se_cents,max_open_example_path
REF,6,0,-5156,1994844,1,-0.5587342869527525,,APR_2025,PRIMARY_EX_ANTE_FIRST78,oos_adverse_20260926T082326Z,,,
REF,6,0,-14106,1985894,1,-1.5487483530961785,,APR_2025,PRIMARY_EX_ANTE_FIRST78,oos_adverse_20260926T082326Z,,,
REF,6,0,-22844,1977156,1,-2.5382222222222226,,APR_2025,PRIMARY_EX_ANTE_FIRST78,oos_adverse_20260926T082326Z,,,
REF,6,0,-11340,1988660,1,-1.2288686605981798,,APR_2025,PRIMARY_EX_ANTE_FIRST78,oos_adverse_20260926T082326Z,,,
REF,6,0,-17528,1982472,1,-1.8994364976159517,,APR_2025,PRIMARY_EX_ANTE_FIRST78,oos_adverse_20260926T082326Z,,,
REF,6,0,-20214,1979786,1,-2.219367588932806,,APR_2025,PRIMARY_EX_ANTE_FIRST78,oos_adverse_20260926T082326Z,,,
REF,6,0,-34912,1965088,1,-3.8791111111111114,,APR_2025,PRIMARY_EX_ANTE_FIRST78,oos_adverse_20260926T082326Z,,,
REF,6,0,-20612,1979388,1,-2.2336367576939744,,APR_2025,PRIMARY_EX_ANTE_FIRST78,oos_adverse_20260926T082326Z,,,
REF,6,0,-49636,1950364,1,-5.5151111111111115,,APR_2025,PRIMARY_EX_ANTE_FIRST78,oos_adverse_20260926T082326Z,,,
REF,6,0,-5156,1994844,1,-0.5587342869527525,,APR_2025,PRIMARY_EX_ANTE_FIRST78,oos_adverse_20260926T082326Z,,,
REF,6,0,-5156,1994844,1,-0.5587342869527525,,APR_2025,PRIMARY_EX_ANTE_FIRST78,oos_adverse_20260926T082326Z,,,
REF,6,,-5156,,,,,APR_2025,PRIMARY_EX_ANTE_FIRST78,oos_adverse_20260926T082326Z,MEAN_OF_30_PATHS,0.0,1
REF,6,,-5156,,,,,APR_2025,PRIMARY_EX_ANTE_FIRST78,oos_adverse_20260926T082326Z,MEAN_OF_30_PATHS,0.0,1
REF,6,0,-2464,1997536,1,-0.22627492620251402,skipped 0,APR_2025,PRIMARY_EX_ANTE_FIRST78,oos_adverse_20260926T082326Z,,,
REF,6,0,-760,1999240,1,0.1044181559869007,skipped 0,APR_2025,PRIMARY_EX_ANTE_FIRST78,oos_adverse_20260926T082326Z,,,
